154 23 150 44 162 156 
147 148 345 143 142 195 
4 147 165 54 149 195 
348 39 162 153 44 
39 156 101 44 157 
165 149 150 151 166 
329 39 40 140 202 100 348 157 
44 147 142 40 101 348 
141 40 157 143 147 4 
44 153 149 23 151 45 
155 151 153 154 150 393 409 
241 113 76 264 263 
60 356 299 363 178 176 405 
219 26 223 97 220 
55 290 9 403 174 351 354 172 
61 297 299 19 293 296 
298 61 300 299 67 314 178 
78 260 31 221 261 375 
222 225 237 78 221 8 375 
370 406 52 15 
365 169 181 170 63 
63 171 351 172 366 352 173 
136 190 66 133 49 16 344 
96 103 282 328 331 104 333 27 
13 118 114 115 201 341 
398 310 372 209 311 309 
204 346 205 160 347 
135 309 310 211 
229 234 339 116 
23 154 284 409 74 
332 109 12 193 
378 245 383 255 21 77 382 380 
323 91 88 306 400 318 90 
300 67 68 302 48 312 
65 398 51 309 211 410 
286 394 248 246 80 277 
219 97 233 24 217 214 
113 387 75 76 239 240 
24 233 227 25 
162 164 98 154 74 269 
40 139 101 192 38 202 
343 37 124 123 36 130 125 
291 161 289 308 315 399 
242 237 246 225 286 287 
180 181 182 183 
230 235 229 
315 312 290 291 9 71 
275 3 390 283 392 407 
352 56 175 184 173 355 
99 329 336 14 102 100 
234 117 118 28 116 
89 317 6 396 62 
260 76 281 262 31 263 
237 242 22 239 260 78 
286 79 11 394 
35 129 38 139 140 
212 365 170 199 349 
363 314 364 299 304 
151 23 72 161 46 409 
202 336 101 329 330 
254 377 382 244 378 379 
270 278 280 253 252 285 
171 189 170 212 366 181 
374 224 226 221 222 
168 167 152 188 166 170 
361 362 404 59 0 
94 376 194 29 117 
346 144 143 4 195 145 
350 55 9 395 46 291 399 
266 73 288 388 47 268 
273 274 272 82 277 11 
252 86 285 386 92 381 
199 5 52 200 
367 184 353 179 355 
18 183 182 175 367 353 173 
192 35 128 38 130 36 
102 14 334 103 95 108 
13 120 201 33 
386 259 325 323 381 253 
126 343 124 132 
106 102 334 110 336 330 
397 303 47 267 268 257 
169 212 181 199 5 180 
224 8 220 221 
172 189 171 55 350 
297 62 295 19 
302 306 88 307 48 
328 111 112 27 264 
93 376 233 25 218 228 
346 42 158 144 50 205 371 
93 214 215 12 193 194 
134 136 50 191 66 311 
309 51 16 344 
345 346 204 158 41 143 
33 342 122 7 
309 344 134 190 311 
208 207 209 210 
197 200 198 203 406 
194 193 338 368 118 117 
287 286 247 11 277 
9 313 174 350 
87 322 245 21 379 
91 323 319 92 259 70 
68 303 69 306 305 301 48 
190 191 66 372 65 309 
255 268 75 254 382 73 258 384 
218 24 93 227 232 214 
238 237 80 246 22 243 
97 232 26 373 217 
163 162 329 99 39 98 
139 40 41 138 142 143 
123 122 36 131 128 34 
161 155 266 288 284 409 289 
244 243 246 249 250 248 
187 179 360 358 
408 275 392 
393 284 72 155 23 
56 352 172 350 363 174 
103 95 104 111 332 
119 30 107 131 34 
316 89 6 318 320 
263 27 105 223 31 261 333 
238 22 240 260 241 76 
82 249 81 246 287 277 
29 194 338 213 12 109 402 
188 171 63 212 169 168 17 349 
58 187 355 176 357 360 367 175 
260 281 238 226 237 375 
323 322 252 381 380 245 251 
271 270 250 249 389 251 
350 290 313 403 399 312 
183 184 367 187 
358 58 179 357 177 361 
347 146 160 197 406 
42 204 144 345 145 347 
161 71 290 46 399 
256 255 73 383 257 267 388 
82 248 276 11 287 394 
377 77 382 75 240 256 
5 198 169 365 349 200 53 
372 64 206 207 43 209 
196 186 54 167 168 53 
36 129 159 125 126 35 
108 334 30 131 340 110 
118 13 28 339 
214 213 376 227 194 233 
129 128 192 110 336 140 202 
207 206 370 203 
233 218 232 217 
82 272 271 32 249 
182 181 173 63 189 
221 226 78 281 
88 318 89 307 317 
295 61 62 296 396 298 
302 69 305 88 324 400 
85 274 390 391 408 407 
376 94 25 227 235 230 
160 206 204 42 371 64 
213 93 215 97 233 232 
371 64 190 50 311 372 
190 134 158 50 137 49 
347 346 195 186 345 
127 123 7 342 34 121 
301 300 314 313 304 312 
168 349 197 196 185 200 199 
341 236 108 340 119 107 201 
290 55 46 152 
361 359 0 358 
87 252 323 92 253 
98 99 327 96 328 
302 68 308 388 397 69 47 
399 315 68 301 67 313 9 
321 397 268 383 388 
117 339 94 28 229 235 
81 244 246 22 242 377 
31 223 221 26 224 373 374 
149 45 54 148 166 167 
23 155 46 152 150 45 166 
103 111 99 102 328 326 
267 266 256 268 258 265 
249 248 272 389 276 277 
294 292 359 362 
398 210 1 211 310 
405 176 179 175 353 56 
109 402 401 104 335 12 331 95 
114 236 30 201 120 
91 319 320 88 6 317 324 
264 27 262 261 76 387 
389 82 276 85 271 274 
248 82 32 250 81 389 
193 29 368 213 93 376 
189 63 170 188 55 351 
181 57 5 365 
14 106 103 96 99 330 
247 286 225 222 
307 305 318 320 306 324 
342 121 201 119 115 
258 269 327 337 385 
292 293 295 296 
385 75 256 258 
362 359 404 360 177 358 
406 203 15 206 160 
146 369 346 145 160 186 42 
293 19 294 59 
265 74 258 163 10 327 98 
391 280 86 270 271 85 
268 256 379 383 382 
52 197 198 53 199 
65 372 210 398 208 43 
196 146 185 145 195 54 347 
110 128 340 107 127 34 
30 236 95 106 334 107 335 
339 234 118 94 29 368 
376 368 117 234 228 235 
156 348 329 164 101 162 
298 300 301 302 305 307 
218 227 228 230 
283 274 275 408 83 
184 175 18 179 187 
368 94 227 93 228 194 
397 257 322 90 383 21 69 400 
61 304 300 48 307 89 297 396 
305 88 89 298 48 320 
74 266 72 409 393 
2 235 234 28 
205 160 15 207 64 208 370 
12 213 231 216 214 97 
206 205 347 369 42 406 370 
159 138 49 158 136 41 
186 196 369 347 197 
122 127 124 7 36 126 
303 302 301 308 312 315 
167 185 148 165 186 195 
223 220 221 281 261 262 
62 297 298 89 316 
176 355 56 363 364 
254 77 255 256 379 
328 112 337 10 269 98 326 
100 202 110 14 330 38 
403 9 314 174 67 312 
265 269 256 73 10 384 385 
2 230 229 228 94 234 
243 81 377 378 77 250 
31 220 281 8 226 375 374 
165 45 151 152 167 17 
4 345 41 141 142 144 
151 46 188 17 166 55 395 
232 219 373 223 215 214 231 
266 284 265 269 154 163 393 
274 273 275 390 
356 364 293 294 299 
198 199 365 180 
364 60 294 177 357 176 
401 216 111 104 27 105 262 
121 33 34 122 119 
318 91 325 70 6 
27 263 337 112 387 113 282 
274 276 83 11 
249 32 81 251 245 244 378 
186 145 345 4 54 148 
189 351 354 352 350 
365 212 57 180 366 182 63 
144 204 50 136 137 41 
111 96 95 331 102 106 
327 328 282 337 264 
317 316 298 307 320 396 
119 340 122 342 127 131 
394 247 273 276 277 
259 386 285 279 
337 113 75 384 10 258 
359 361 177 294 59 
64 191 50 204 205 
19 292 294 60 295 299 
32 271 278 86 252 251 
285 280 84 20 
8 374 220 26 
119 33 341 30 115 120 
398 209 410 43 1 
179 58 18 367 
133 16 37 343 
402 332 335 236 338 193 
120 13 114 339 117 116 338 29 
331 103 106 108 335 332 
141 139 142 157 140 101 
159 137 133 125 134 136 
373 219 217 224 220 
280 278 85 283 407 84 
324 306 69 90 321 
77 254 240 22 243 244 
87 323 380 90 321 21 
61 295 60 364 178 293 304 
303 68 71 289 47 315 
386 253 86 280 279 20 
235 2 228 25 
206 15 208 43 
333 401 215 231 12 105 
155 72 71 291 46 289 
141 41 137 159 139 35 
7 123 126 37 
306 302 303 397 400 321 
152 151 155 161 291 290 395 
290 350 395 171 188 351 152 
358 404 359 
257 321 303 388 69 
369 197 203 370 52 160 
255 379 21 257 268 321 
111 282 112 327 96 326 
327 112 113 385 264 10 
178 363 174 313 67 304 
386 20 92 325 70 
341 114 30 108 338 335 109 
379 378 250 251 87 380 
225 226 79 8 
17 168 185 54 165 166 
355 405 179 357 356 364 
99 326 163 164 269 327 
113 241 240 254 256 384 385 
279 280 391 407 392 
297 295 304 298 299 
316 317 318 319 
360 179 176 356 177 
106 14 110 107 108 
125 133 37 126 132 
47 289 72 266 267 
266 74 269 258 73 
276 273 283 85 390 272 83 
270 252 245 250 87 32 
146 186 185 53 197 
182 366 184 189 352 353 
181 366 184 183 57 173 
138 137 125 130 49 35 
111 331 333 332 401 
387 241 385 337 75 264 
321 322 323 324 400 
129 192 139 130 138 159 
213 215 193 216 401 332 402 
383 379 321 322 380 
20 259 92 253 285 
314 178 364 174 56 354 405 
64 208 209 65 191 311 
53 168 170 169 199 
60 293 292 356 362 177 59 
270 32 389 278 272 85 
278 391 86 285 279 84 
226 222 286 80 79 237 
336 100 101 140 38 
51 310 410 1 
171 170 17 152 55 
343 125 16 132 49 134 
128 131 334 14 336 38 107 
30 340 33 201 34 342 
191 371 208 372 205 206 
138 141 137 143 144 158 
136 158 191 190 204 371 
263 264 262 111 333 282 
84 407 408 3 
216 333 104 332 12 
77 244 245 379 250 
325 91 322 87 324 90 381 92 
298 304 67 301 48 
344 66 51 135 310 65 311 
394 287 79 247 80 225 
216 215 105 97 223 
239 22 241 254 75 377 
26 219 232 24 
164 163 154 153 156 39 
40 141 35 192 138 140 
133 343 130 159 126 49 
319 325 259 
289 288 267 388 303 308 
353 352 354 363 355 405 
211 410 210 
310 65 209 210 410 
84 391 283 392 408 
56 353 354 172 173 189 
99 164 39 330 101 100 
29 193 236 114 118 109 
312 399 71 308 68 
281 78 238 76 261 239 
242 238 80 78 226 225 
242 80 81 243 248 287 
220 31 97 373 262 105 231 
167 17 349 53 185 170 
294 362 356 357 360 361 
23 153 393 162 163 74 
164 329 326 98 102 96 330 
261 260 239 241 387 263 
274 283 271 272 391 278 
296 297 396 316 
123 124 122 121 
132 133 344 135 134 
58 360 404 0 361 
95 108 109 332 236 
66 309 135 16 134 
288 47 71 161 72 308 
284 74 288 72 265 73 267 
3 408 390 83 
381 87 251 270 86 253 
200 52 196 53 406 369 146 
350 403 313 314 363 354 
184 18 182 57 
131 110 38 129 127 36 
223 262 216 231 333 
236 341 120 118 338 
323 325 319 318 324 
123 127 129 130 126 128 
118 120 116 115 
239 238 240 242 243 377 
148 4 157 44 142 149 
153 150 149 147 157 156 348 
44 150 45 165 148 147 
